5762298832486400
5199348879065088
5104011879383040
5634601401712640
5688687119564800
5173627930542080
5646521009700864
5672188833169408
5719707252424704
5719707252424704
5701394610782208
5658753101725696
5736577883963392
5672878150254592
5767202099691520
5666961832804352
5721191432060928
5740216795004928
5712818124881920
5654595548217344
5655358173347840
5753798823772160
5707300165648384
5711261467672576
5664284977659904
5128666635829248
5640136574369792
5691616589250560
5069252692279296
5705148370255872
5206956054675456
5769906008096768
5201331526565888
5723974822526976
4919856549855232
5114556594520064
5142198416834560
5686487861428224
5749730717990912
5632202645700608
5153306812874752
5675918433452032
5758196635402240
5199033182191616
5664810037411840
5743365039587328
5716256766296064
4860723440123904
5764281479987200
6327231433408512
5708939920408576
5643517367943168
5671536392404992
5674069752020992
5635093192245248
5738275486564352
5724822843686912
5633494390669312
5118639615246336
5070544437248000
5683257223938048
5753050442498048
5705718560718848
5704221898833920
5751646390845440
5641462360309760
5651757665353728
5684793748488192
5670377556541440
5734743547052032
5758048710688768
5722152447770624
5681589568667648
5754980359208960
5701751084679168
5471866718257152
5732910535540736
4868028676177920
5684961520648192
5075454121738240
5182111044599808
5638404075159552
5753341694967808
6220853180104704
5663684521099264
5682238511382528
5662069344960512
5094953273262080
5131065358286848
6226234774126592